 1.216445               
 3.048186               
 5.698782               
 9.082040               
13.288689               
18.011898               
23.419602               
15.902719               
19.689349               
23.857345               
27.239017               
21.695560               
24.976498               
26.465331               
22.951538               
25.076197               
22.944977               
22.978807               
23.814493               
21.713254               
21.937701               
22.882543               
21.996496              

 2.114065
 7.899428
10.082462
19.366431
23.055009
24.407000
30.975707
24.503524
27.011232
30.671032
34.489478
31.616733
30.864291
33.391304
28.671343
29.071225
29.249710
29.109664
28.441745
24.695498
23.273324
23.488521
22.661990